Tree 0, M = 3
Points: [[0.91, 27.57, 5.7, 25.7], [41.27, 67.93, 5.74, 25.74], [69.97, 96.64, 1.88, 21.88], [2.51, 29.18, 27.43, 47.43], [41.27, 67.94, 26.58, 46.58], [66.9, 93.57, 29.63, 49.63], [5.41, 32.08, 53.41, 73.41], [39.73, 66.4, 54.08, 74.08], [71.04, 97.7, 55.02, 75.02], [3.13, 29.79, 81.24, 101.24]]
Traversal: [[0.91, 97.7, 1.88, 101.24], [0.91, 66.4, 5.7, 101.24], [0.91, 32.08, 5.7, 73.41], [3.13, 66.4, 54.08, 101.24], [41.27, 97.7, 1.88, 75.02], [41.27, 96.64, 1.88, 46.58], [66.9, 97.7, 29.63, 75.02]]
Tree 1, M = 3
Points: [[8.0, 34.67, 1.65, 21.65], [37.58, 64.25, 0.93, 20.93], [71.0, 97.66, 2.25, 22.25], [0.77, 27.43, 25.87, 45.87], [37.97, 64.64, 24.46, 44.46], [73.9, 100.56, 29.43, 49.43], [6.54, 33.21, 53.11, 73.11], [39.06, 65.73, 50.21, 70.21], [69.08, 95.75, 53.88, 73.88], [1.41, 28.08, 79.0, 99.0]]
Traversal: [[0.77, 100.56, 0.93, 99.0], [0.77, 64.25, 0.93, 99.0], [0.77, 64.25, 0.93, 45.87], [1.41, 33.21, 53.11, 99.0], [37.97, 100.56, 2.25, 73.88], [37.97, 100.56, 2.25, 49.43], [39.06, 95.75, 50.21, 73.88]]
Tree 2, M = 3
Points: [[6.82, 33.48, 1.47, 21.47], [31.76, 58.43, 5.38, 25.38], [70.63, 97.3, 5.57, 25.57], [3.13, 29.79, 25.54, 45.54], [40.65, 67.32, 27.05, 47.05], [65.35, 92.02, 24.91, 44.91], [-1.18, 25.49, 54.98, 74.98], [41.2, 67.87, 55.4, 75.4], [71.1, 97.77, 52.46, 72.46], [-0.36, 26.31, 74.75, 94.75]]
Traversal: [[-1.18, 97.77, 1.47, 94.75], [-1.18, 58.43, 1.47, 94.75], [3.13, 58.43, 1.47, 45.54], [-1.18, 26.31, 54.98, 94.75], [40.65, 97.77, 5.57, 75.4], [40.65, 97.3, 5.57, 47.05], [41.2, 97.77, 52.46, 75.4]]
Tree 3, M = 3
Points: [[7.32, 33.98, -1.19, 18.81], [31.92, 58.59, 0.63, 20.63], [66.52, 93.19, 2.88, 22.88], [-1.47, 25.2, 25.52, 45.52], [38.72, 65.39, 28.4, 48.4], [67.71, 94.37, 31.09, 51.09], [2.96, 29.63, 52.88, 72.88], [40.94, 67.61, 53.65, 73.65], [67.99, 94.66, 50.16, 70.16], [2.87, 29.54, 75.53, 95.53]]
Traversal: [[-1.47, 94.66, -1.19, 95.53], [-1.47, 58.59, -1.19, 95.53], [-1.47, 58.59, -1.19, 45.52], [2.87, 29.63, 52.88, 95.53], [38.72, 94.66, 2.88, 73.65], [38.72, 94.37, 2.88, 51.09], [40.94, 94.66, 50.16, 73.65]]
Tree 4, M = 3
Points: [[6.89, 33.56, -1.04, 18.96], [36.1, 62.77, 3.09, 23.09], [74.82, 101.48, 0.85, 20.85], [-0.9, 25.77, 23.79, 43.79], [41.32, 67.99, 26.44, 46.44], [70.83, 97.5, 25.79, 45.79], [1.48, 28.15, 54.41, 74.41], [36.37, 63.03, 51.99, 71.99], [69.38, 96.05, 55.76, 75.76], [3.87, 30.54, 75.18, 95.18]]
Traversal: [[-0.9, 101.48, -1.04, 95.18], [-0.9, 62.77, -1.04, 95.18], [-0.9, 62.77, -1.04, 43.79], [1.48, 30.54, 54.41, 95.18], [36.37, 101.48, 0.85, 75.76], [41.32, 101.48, 0.85, 46.44], [36.37, 96.05, 51.99, 75.76]]
Tree 5, M = 3
Points: [[8.07, 34.74, -0.31, 19.69], [37.73, 64.39, 5.82, 25.82], [68.26, 94.93, 3.67, 23.67], [3.36, 30.02, 27.09, 47.09], [40.69, 67.36, 26.04, 46.04], [70.07, 96.74, 29.31, 49.31], [7.75, 34.42, 54.5, 74.5], [39.36, 66.02, 54.28, 74.28], [73.02, 99.68, 53.93, 73.93], [1.35, 28.01, 74.03, 94.03]]
Traversal: [[1.35, 99.68, -0.31, 94.03], [1.35, 64.39, -0.31, 94.03], [3.36, 64.39, -0.31, 47.09], [1.35, 34.42, 54.5, 94.03], [39.36, 99.68, 3.67, 74.28], [40.69, 96.74, 3.67, 49.31], [39.36, 99.68, 53.93, 74.28]]
Tree 6, M = 3
Points: [[6.59, 33.26, 3.97, 23.97], [38.81, 65.48, 5.69, 25.69], [72.47, 99.14, -0.55, 19.45], [0.08, 26.74, 28.74, 48.74], [36.71, 63.38, 24.17, 44.17], [65.19, 91.86, 23.79, 43.79], [7.23, 33.9, 52.6, 72.6], [36.72, 63.39, 49.2, 69.2], [74.57, 101.24, 54.56, 74.56], [3.87, 30.54, 76.96, 96.96]]
Traversal: [[0.08, 101.24, -0.55, 96.96], [0.08, 63.38, 3.97, 96.96], [0.08, 63.38, 3.97, 48.74], [3.87, 33.9, 52.6, 96.96], [36.72, 101.24, -0.55, 74.56], [38.81, 99.14, -0.55, 43.79], [36.72, 101.24, 49.2, 74.56]]
Tree 7, M = 3
Points: [[4.97, 31.64, 4.12, 24.12], [36.22, 62.88, 3.66, 23.66], [73.41, 100.07, 1.48, 21.48], [2.37, 29.04, 30.45, 50.45], [37.88, 64.54, 25.49, 45.49], [73.73, 100.39, 23.96, 43.96], [2.25, 28.91, 51.47, 71.47], [35.84, 62.51, 49.92, 69.92], [71.36, 98.03, 49.25, 69.25], [1.83, 28.5, 74.78, 94.78]]
Traversal: [[1.83, 100.39, 1.48, 94.78], [1.83, 62.51, 4.12, 94.78], [2.37, 62.51, 4.12, 69.92], [1.83, 28.91, 51.47, 94.78], [36.22, 100.39, 1.48, 69.25], [36.22, 100.39, 1.48, 43.96], [37.88, 98.03, 25.49, 69.25]]
Tree 8, M = 3
Points: [[-1.61, 25.06, 2.26, 22.26], [35.23, 61.89, 2.81, 22.81], [66.83, 93.49, 0.39, 20.39], [4.69, 31.36, 29.15, 49.15], [37.59, 64.26, 25.14, 45.14], [68.99, 95.65, 23.96, 43.96], [7.59, 34.26, 49.36, 69.36], [34.65, 61.32, 54.14, 74.14], [73.63, 100.29, 50.13, 70.13], [5.27, 31.94, 78.77, 98.77]]
Traversal: [[-1.61, 100.29, 0.39, 98.77], [-1.61, 61.32, 2.26, 98.77], [-1.61, 34.26, 2.26, 69.36], [5.27, 61.32, 54.14, 98.77], [35.23, 100.29, 0.39, 70.13], [35.23, 95.65, 0.39, 43.96], [37.59, 100.29, 25.14, 70.13]]
Tree 9, M = 3
Points: [[3.13, 29.79, 0.72, 20.72], [32.52, 59.18, 2.05, 22.05], [68.87, 95.53, 4.0, 24.0], [6.39, 33.06, 24.27, 44.27], [41.32, 67.99, 27.38, 47.38], [71.29, 97.96, 24.19, 44.19], [3.95, 30.62, 55.06, 75.06], [34.4, 61.07, 51.35, 71.35], [67.32, 93.99, 49.7, 69.7], [8.08, 34.74, 77.3, 97.3]]
Traversal: [[3.13, 97.96, 0.72, 97.3], [3.13, 59.18, 0.72, 97.3], [3.13, 59.18, 0.72, 44.27], [3.95, 34.74, 55.06, 97.3], [34.4, 97.96, 4.0, 71.35], [41.32, 97.96, 4.0, 47.38], [34.4, 93.99, 49.7, 71.35]]
Tree 10, M = 3
Points: [[-0.53, 26.14, 2.01, 22.01], [31.78, 58.45, 3.76, 23.76], [68.41, 95.07, 3.38, 23.38], [0.83, 27.5, 30.85, 50.85], [40.55, 67.22, 26.48, 46.48], [73.6, 100.27, 30.26, 50.26], [3.81, 30.48, 54.57, 74.57], [38.7, 65.36, 53.98, 73.98], [66.96, 93.62, 49.13, 69.13], [4.98, 31.65, 80.96, 100.96]]
Traversal: [[-0.53, 100.27, 2.01, 100.96], [-0.53, 58.45, 2.01, 100.96], [-0.53, 58.45, 2.01, 50.85], [3.81, 31.65, 54.57, 100.96], [38.7, 100.27, 3.38, 73.98], [40.55, 100.27, 3.38, 50.26], [38.7, 93.62, 49.13, 73.98]]
Tree 11, M = 3
Points: [[6.98, 33.64, 0.98, 20.98], [41.1, 67.77, 4.4, 24.4], [65.9, 92.56, -1.22, 18.78], [2.93, 29.6, 28.34, 48.34], [32.58, 59.24, 25.54, 45.54], [69.65, 96.31, 26.49, 46.49], [-0.8, 25.87, 52.83, 72.83], [41.25, 67.91, 53.21, 73.21], [74.14, 100.81, 49.98, 69.98], [7.93, 34.59, 75.8, 95.8]]
Traversal: [[-0.8, 100.81, -1.22, 95.8], [-0.8, 59.24, 0.98, 95.8], [2.93, 59.24, 0.98, 48.34], [-0.8, 34.59, 52.83, 95.8], [41.1, 100.81, -1.22, 73.21], [41.1, 96.31, -1.22, 46.49], [41.25, 100.81, 49.98, 73.21]]
Tree 12, M = 3
Points: [[2.4, 29.07, -0.17, 19.83], [41.06, 67.73, 0.9, 20.9], [71.12, 97.79, -0.33, 19.67], [0.33, 26.99, 26.35, 46.35], [36.76, 63.42, 28.87, 48.87], [69.46, 96.13, 28.67, 48.67], [-0.18, 26.49, 53.71, 73.71], [38.43, 65.1, 50.73, 70.73], [73.13, 99.8, 51.53, 71.53], [0.03, 26.7, 73.98, 93.98]]
Traversal: [[-0.18, 99.8, -0.33, 93.98], [-0.18, 63.42, -0.17, 93.98], [0.33, 63.42, -0.17, 48.87], [-0.18, 26.7, 53.71, 93.98], [38.43, 99.8, -0.33, 71.53], [41.06, 97.79, -0.33, 48.67], [38.43, 99.8, 50.73, 71.53]]
Tree 13, M = 3
Points: [[1.74, 28.4, 0.18, 20.18], [34.82, 61.48, 4.02, 24.02], [71.48, 98.14, 3.71, 23.71], [5.51, 32.18, 24.12, 44.12], [36.45, 63.11, 25.57, 45.57], [72.49, 99.16, 28.91, 48.91], [0.46, 27.12, 55.81, 75.81], [39.3, 65.97, 50.3, 70.3], [65.16, 91.83, 54.06, 74.06], [5.35, 32.01, 79.12, 99.12]]
Traversal: [[0.46, 99.16, 0.18, 99.12], [0.46, 61.48, 0.18, 99.12], [1.74, 61.48, 0.18, 44.12], [0.46, 32.01, 55.81, 99.12], [36.45, 99.16, 3.71, 74.06], [36.45, 99.16, 3.71, 48.91], [39.3, 91.83, 50.3, 74.06]]
Tree 14, M = 3
Points: [[0.66, 27.33, 6.03, 26.03], [39.49, 66.16, 4.26, 24.26], [71.52, 98.19, 0.07, 20.07], [1.82, 28.49, 29.69, 49.69], [40.44, 67.11, 29.54, 49.54], [66.65, 93.32, 28.03, 48.03], [4.43, 31.1, 51.25, 71.25], [32.61, 59.28, 54.03, 74.03], [66.61, 93.28, 53.61, 73.61], [5.49, 32.16, 76.48, 96.48]]
Traversal: [[0.66, 98.19, 0.07, 96.48], [0.66, 59.28, 6.03, 96.48], [0.66, 31.1, 6.03, 71.25], [5.49, 59.28, 54.03, 96.48], [39.49, 98.19, 0.07, 73.61], [39.49, 98.19, 0.07, 48.03], [40.44, 93.28, 29.54, 73.61]]
Tree 15, M = 3
Points: [[3.54, 30.21, 1.09, 21.09], [39.71, 66.37, 0.91, 20.91], [74.5, 101.16, 6.17, 26.17], [4.4, 31.07, 27.68, 47.68], [37.64, 64.3, 24.83, 44.83], [70.07, 96.74, 29.38, 49.38], [3.59, 30.26, 52.57, 72.57], [41.11, 67.78, 51.31, 71.31], [74.76, 101.42, 49.31, 69.31], [0.51, 27.18, 73.77, 93.77]]
Traversal: [[0.51, 101.42, 0.91, 93.77], [0.51, 64.3, 1.09, 93.77], [3.54, 64.3, 1.09, 47.68], [0.51, 30.26, 52.57, 93.77], [39.71, 101.42, 0.91, 71.31], [39.71, 101.16, 0.91, 49.38], [41.11, 101.42, 49.31, 71.31]]
Tree 16, M = 3
Points: [[7.66, 34.33, 4.16, 24.16], [36.85, 63.52, 0.08, 20.08], [72.53, 99.19, 5.33, 25.33], [5.85, 32.51, 27.91, 47.91], [40.14, 66.8, 24.38, 44.38], [67.28, 93.95, 26.72, 46.72], [1.56, 28.22, 52.14, 72.14], [33.95, 60.62, 51.32, 71.32], [68.28, 94.95, 53.81, 73.81], [1.5, 28.17, 79.47, 99.47]]
Traversal: [[1.5, 99.19, 0.08, 99.47], [1.5, 60.62, 4.16, 99.47], [5.85, 60.62, 4.16, 71.32], [1.5, 28.22, 52.14, 99.47], [36.85, 99.19, 0.08, 73.81], [36.85, 99.19, 0.08, 44.38], [67.28, 94.95, 26.72, 73.81]]
Tree 17, M = 3
Points: [[3.87, 30.53, -0.21, 19.79], [38.81, 65.48, -0.65, 19.35], [68.81, 95.48, 4.61, 24.61], [5.92, 32.59, 27.56, 47.56], [37.63, 64.3, 28.28, 48.28], [69.63, 96.3, 25.89, 45.89], [2.09, 28.76, 48.91, 68.91], [38.24, 64.91, 50.5, 70.5], [70.86, 97.53, 49.83, 69.83], [5.06, 31.72, 76.76, 96.76]]
Traversal: [[2.09, 97.53, -0.65, 96.76], [2.09, 64.3, -0.21, 96.76], [3.87, 64.3, -0.21, 48.28], [2.09, 31.72, 48.91, 96.76], [38.24, 97.53, -0.65, 70.5], [38.81, 96.3, -0.65, 45.89], [38.24, 97.53, 49.83, 70.5]]
Tree 18, M = 3
Points: [[-0.39, 26.28, 1.55, 21.55], [41.52, 68.19, 6.09, 26.09], [67.23, 93.9, 3.22, 23.22], [6.83, 33.49, 29.52, 49.52], [37.46, 64.13, 26.95, 46.95], [73.74, 100.4, 26.04, 46.04], [1.45, 28.12, 52.36, 72.36], [32.7, 59.36, 55.39, 75.39], [66.22, 92.88, 54.18, 74.18], [6.86, 33.53, 80.26, 100.26]]
Traversal: [[-0.39, 100.4, 1.55, 100.26], [-0.39, 59.36, 1.55, 100.26], [-0.39, 33.49, 1.55, 72.36], [6.86, 59.36, 55.39, 100.26], [37.46, 100.4, 3.22, 74.18], [41.52, 100.4, 3.22, 46.04], [37.46, 92.88, 26.95, 74.18]]
Tree 19, M = 3
Points: [[5.72, 32.39, 2.32, 22.32], [33.47, 60.14, -0.66, 19.34], [66.13, 92.8, 0.34, 20.34], [4.07, 30.74, 25.93, 45.93], [35.36, 62.03, 29.58, 49.58], [71.41, 98.07, 24.35, 44.35], [3.56, 30.22, 49.1, 69.1], [35.71, 62.38, 56.16, 76.16], [67.22, 93.89, 55.05, 75.05], [-1.41, 25.25, 76.69, 96.69]]
Traversal: [[-1.41, 98.07, -0.66, 96.69], [-1.41, 60.14, -0.66, 96.69], [4.07, 60.14, -0.66, 45.93], [-1.41, 30.22, 49.1, 96.69], [35.36, 98.07, 0.34, 76.16], [35.36, 98.07, 0.34, 49.58], [35.71, 93.89, 55.05, 76.16]]
Tree 20, M = 3
Points: [[6.89, 33.56, 0.03, 20.03], [33.27, 59.94, 4.72, 24.72], [67.22, 93.88, 5.89, 25.89], [6.46, 33.13, 29.8, 49.8], [36.91, 63.58, 25.57, 45.57], [73.22, 99.89, 30.88, 50.88], [1.52, 28.19, 55.64, 75.64], [38.73, 65.4, 49.86, 69.86], [70.68, 97.35, 51.07, 71.07], [2.84, 29.51, 80.52, 100.52]]
Traversal: [[1.52, 99.89, 0.03, 100.52], [1.52, 59.94, 0.03, 100.52], [6.46, 59.94, 0.03, 49.8], [1.52, 29.51, 55.64, 100.52], [36.91, 99.89, 5.89, 71.07], [36.91, 99.89, 5.89, 50.88], [38.73, 97.35, 49.86, 71.07]]
Tree 21, M = 3
Points: [[4.72, 31.39, 5.69, 25.69], [37.32, 63.99, 4.29, 24.29], [69.62, 96.29, 1.97, 21.97], [1.19, 27.86, 28.0, 48.0], [33.35, 60.01, 29.35, 49.35], [65.58, 92.25, 30.55, 50.55], [3.79, 30.45, 52.11, 72.11], [33.03, 59.69, 52.18, 72.18], [72.05, 98.71, 55.82, 75.82], [5.13, 31.8, 78.75, 98.75]]
Traversal: [[1.19, 98.71, 1.97, 98.75], [1.19, 59.69, 5.69, 98.75], [1.19, 31.39, 5.69, 72.11], [5.13, 59.69, 52.18, 98.75], [33.35, 98.71, 1.97, 75.82], [33.35, 96.29, 1.97, 49.35], [65.58, 98.71, 30.55, 75.82]]
Tree 22, M = 3
Points: [[6.73, 33.4, 6.08, 26.08], [36.38, 63.05, 6.06, 26.06], [70.32, 96.99, -0.41, 19.59], [2.89, 29.56, 27.17, 47.17], [37.06, 63.72, 26.4, 46.4], [74.42, 101.09, 25.35, 45.35], [3.76, 30.43, 55.89, 75.89], [32.3, 58.97, 54.91, 74.91], [66.38, 93.04, 55.83, 75.83], [1.6, 28.27, 79.49, 99.49]]
Traversal: [[1.6, 101.09, -0.41, 99.49], [1.6, 58.97, 6.08, 99.49], [2.89, 58.97, 6.08, 74.91], [1.6, 30.43, 55.89, 99.49], [36.38, 101.09, -0.41, 75.83], [36.38, 101.09, -0.41, 45.35], [37.06, 93.04, 26.4, 75.83]]
Tree 23, M = 3
Points: [[5.15, 31.82, 3.95, 23.95], [39.28, 65.95, 3.25, 23.25], [72.87, 99.53, 4.13, 24.13], [6.4, 33.07, 25.91, 45.91], [31.82, 58.49, 24.25, 44.25], [71.28, 97.95, 29.29, 49.29], [7.41, 34.07, 55.13, 75.13], [40.66, 67.33, 53.61, 73.61], [70.97, 97.64, 55.52, 75.52], [-0.09, 26.57, 78.7, 98.7]]
Traversal: [[-0.09, 99.53, 3.25, 98.7], [-0.09, 58.49, 3.95, 98.7], [5.15, 58.49, 3.95, 45.91], [-0.09, 34.07, 55.13, 98.7], [39.28, 99.53, 3.25, 75.52], [39.28, 99.53, 3.25, 49.29], [40.66, 97.64, 53.61, 75.52]]
Tree 24, M = 3
Points: [[6.52, 33.19, -0.78, 19.22], [36.32, 62.99, 2.57, 22.57], [69.48, 96.15, 2.61, 22.61], [1.82, 28.49, 26.24, 46.24], [31.74, 58.4, 30.32, 50.32], [69.96, 96.63, 28.89, 48.89], [8.31, 34.97, 54.77, 74.77], [32.97, 59.64, 53.39, 73.39], [73.47, 100.13, 54.42, 74.42], [3.72, 30.38, 74.02, 94.02]]
Traversal: [[1.82, 100.13, -0.78, 94.02], [1.82, 58.4, -0.78, 94.02], [1.82, 58.4, -0.78, 50.32], [3.72, 34.97, 54.77, 94.02], [32.97, 100.13, 2.57, 74.42], [36.32, 96.63, 2.57, 48.89], [32.97, 100.13, 53.39, 74.42]]
Tree 25, M = 3
Points: [[5.76, 32.43, 6.04, 26.04], [37.35, 64.02, 2.99, 22.99], [71.09, 97.76, 5.86, 25.86], [2.16, 28.83, 24.53, 44.53], [40.6, 67.26, 30.27, 50.27], [67.74, 94.4, 26.43, 46.43], [4.1, 30.77, 54.62, 74.62], [34.66, 61.33, 48.94, 68.94], [71.33, 97.99, 55.33, 75.33], [2.69, 29.36, 80.93, 100.93]]
Traversal: [[2.16, 97.99, 2.99, 100.93], [2.16, 61.33, 6.04, 100.93], [2.16, 61.33, 6.04, 68.94], [2.69, 30.77, 54.62, 100.93], [37.35, 97.99, 2.99, 75.33], [37.35, 97.76, 2.99, 46.43], [40.6, 97.99, 30.27, 75.33]]
Tree 26, M = 3
Points: [[1.49, 28.16, -0.99, 19.01], [33.7, 60.36, 0.91, 20.91], [70.58, 97.25, 2.26, 22.26], [7.77, 34.44, 23.76, 43.76], [40.91, 67.57, 24.8, 44.8], [74.5, 101.17, 29.58, 49.58], [-0.46, 26.21, 48.83, 68.83], [37.77, 64.43, 54.06, 74.06], [70.29, 96.96, 51.8, 71.8], [7.22, 33.89, 78.38, 98.38]]
Traversal: [[-0.46, 101.17, -0.99, 98.38], [-0.46, 60.36, -0.99, 98.38], [1.49, 60.36, -0.99, 43.76], [-0.46, 33.89, 48.83, 98.38], [37.77, 101.17, 2.26, 74.06], [40.91, 101.17, 2.26, 49.58], [37.77, 96.96, 51.8, 74.06]]
Tree 27, M = 3
Points: [[2.59, 29.26, 4.1, 24.1], [40.65, 67.32, 5.18, 25.18], [70.45, 97.11, 0.96, 20.96], [7.37, 34.04, 25.34, 45.34], [37.99, 64.65, 30.48, 50.48], [67.27, 93.94, 28.8, 48.8], [6.84, 33.5, 56.09, 76.09], [32.12, 58.79, 54.87, 74.87], [73.53, 100.2, 50.9, 70.9], [5.33, 32.0, 77.66, 97.66]]
Traversal: [[2.59, 100.2, 0.96, 97.66], [2.59, 58.79, 4.1, 97.66], [2.59, 58.79, 4.1, 74.87], [5.33, 33.5, 56.09, 97.66], [37.99, 100.2, 0.96, 70.9], [40.65, 97.11, 0.96, 48.8], [37.99, 100.2, 30.48, 70.9]]
Tree 28, M = 3
Points: [[6.36, 33.02, 0.85, 20.85], [39.95, 66.62, 1.54, 21.54], [70.18, 96.85, 0.75, 20.75], [5.39, 32.06, 26.92, 46.92], [39.5, 66.17, 29.93, 49.93], [68.21, 94.88, 27.17, 47.17], [-0.61, 26.06, 53.24, 73.24], [40.8, 67.47, 54.03, 74.03], [70.56, 97.23, 49.93, 69.93], [8.01, 34.68, 77.59, 97.59]]
Traversal: [[-0.61, 97.23, 0.75, 97.59], [-0.61, 66.17, 0.85, 97.59], [5.39, 66.17, 0.85, 49.93], [-0.61, 34.68, 53.24, 97.59], [39.95, 97.23, 0.75, 74.03], [39.95, 96.85, 0.75, 47.17], [40.8, 97.23, 49.93, 74.03]]
Tree 29, M = 3
Points: [[4.88, 31.55, 4.05, 24.05], [34.25, 60.92, 1.86, 21.86], [74.12, 100.79, 0.05, 20.05], [1.84, 28.51, 26.49, 46.49], [36.3, 62.96, 24.52, 44.52], [65.94, 92.6, 24.57, 44.57], [3.45, 30.12, 53.3, 73.3], [39.81, 66.47, 49.28, 69.28], [65.43, 92.09, 54.1, 74.1], [-1.65, 25.01, 77.73, 97.73]]
Traversal: [[-1.65, 100.79, 0.05, 97.73], [-1.65, 60.92, 1.86, 97.73], [1.84, 60.92, 1.86, 46.49], [-1.65, 30.12, 53.3, 97.73], [36.3, 100.79, 0.05, 74.1], [36.3, 100.79, 0.05, 44.57], [39.81, 92.09, 49.28, 74.1]]
